
1 100 20
1 2 7
81 93
172 155
103 167
10 77
105 49
125 61
120 53
150 85
38 40
69 105
194 116
51 136
148 27
110 103
14 84
89 134
179 1
12 34
134 164
167 3
96 10
144 152
150 14
191 124
38 100
188 122
39 6
28 39
27 10
188 144
113 142
102 5
110 32
68 109
151 48
82 122
179 192
33 66
100 155
165 18
19 199
98 93
140 144
163 18
91 47
179 106
171 112
49 108
16 80
119 160
40 166
117 165
191 68
56 147
77 124
32 103
133 79
115 74
24 70
121 79
75 191
91 170
111 9
114 96
192 139
185 144
63 48
173 173
180 53
136 177
166 123
160 157
66 189
44 22
160 177
2 165
26 117
132 118
178 5
150 139
167 84
101 60
13 164
61 186
186 124
178 62
139 76
173 17
26 67
125 177
115 77
60 163
170 116
151 122
105 46
57 107
99 150
64 47
67 140
175 10
1_100_20_0

101 100 20
108 107 14
102 34 18
110 94 6
1 4 12
102 155 14
48 16 9
86 171 5
147 163 17
179 160 10
66 201 6
157 52 3
88 2 12
6 79 11
20 107 19
142 139 16
59 156 16
184 125 10
47 161 9
12 163 9
3 176 1
19 123 3
81 190 1
60 5 1
173 11 1
182 120 1
87 131 1
9 191 1
188 71 1
26 84 1
150 46 1
107 198 1
40 39 1
196 158 1
48 105 1
190 120 1
43 42 1
194 100 1
199 180 1
128 76 1
23 86 1
13 15 1
16 99 1
126 120 1
161 15 1
89 81 1
183 119 1
66 162 1
4 197 1
33 144 1
140 174 1
34 52 1
177 200 1
24 109 1
168 133 1
152 63 1
121 162 1
89 189 1
125 79 1
33 59 1
7 104 1
130 169 1
92 131 1
31 53 1
112 75 1
102 137 1
177 115 1
111 125 1
70 58 1
9 22 1
190 122 1
188 152 1
11 157 1
117 179 1
7 97 1
108 59 1
55 176 1
121 54 1
174 12 1
122 166 1
116 186 1
12 107 1
172 186 1
148 56 1
153 43 1
33 163 1
104 38 1
61 130 1
80 162 1
170 55 1
113 57 1
4 33 1
5 8 1
39 8 1
172 188 1
187 113 1
202 96 1
168 172 1
41 62 1
133 90 1
47 71 1
130 48 1
112 25
156 12
143 119
44 136
121 41
98 39
124 166
111 174
84 6
75 155
88 24
171 179
89 66
92 77
156 43
39 21
165 108
167 6
120 180
154 191
170 11
192 135
154 32
17 86
24 107
192 165
35 159
109 12
127 70
141 16
132 17
78 182
144 38
85 122
6 16
170 16
121 53
51 102
27 171
66 78
82 46
138 148
117 163
193 116
50 175
59 58
174 7
85 125
91 99
147 26
166 197
76 196
119 178
151 39
118 175
9 186
85 16
20 95
42 71
22 89
156 109
33 60
146 48
53 110
64 45
174 151
189 122
120 49
179 81
13 89
15 169
119 150
107 107
122 75
179 41
120 68
151 2
24 116
36 11
96 157
42 14
78 84
34 191
54 109
155 47
143 39
18 30
64 35
57 111
135 78
69 44
189 46
60 135
120 117
62 154
60 14
64 155
75 45
9 47
87 163
101_100_20_0

201 100 20
279 336 8
393 220 11
107 204 13
34 307 4
135 174 11
328 245 6
87 181 7
152 266 16
382 292 6
45 121 6
368 307 19
344 398 3
89 114 2
76 25 1
200 153 1
139 136 1
295 226 1
292 209 1
267 147 1
283 283 1
164 188 1
382 398 1
321 34 1
327 227 1
285 224 1
341 172 1
356 328 1
175 399 1
107 96 1
203 171 1
5 389 1
3 217 1
132 351 1
371 341 1
109 344 1
260 319 1
4 249 1
386 319 1
181 94 1
76 237 1
212 229 1
301 150 1
347 55 1
173 356 1
205 317 1
262 72 1
7 149 1
280 316 1
250 276 1
232 266 1
125 227 1
261 292 1
313 311 1
368 133 1
212 223 1
69 376 1
103 275 1
101 318 1
193 398 1
374 376 1
127 127 1
23 96 1
179 179 1
232 184 1
170 306 1
50 126 1
271 348 1
211 307 1
246 50 1
85 273 1
244 314 1
332 324 1
86 208 1
255 319 1
58 82 1
309 18 1
330 181 1
275 347 1
186 296 1
329 125 1
398 58 1
193 135 1
304 261 1
129 236 1
69 55 1
383 219 1
19 235 1
334 262 1
383 87 1
17 182 1
51 38 1
258 130 1
271 59 1
163 197 1
345 73 1
364 33 1
342 373 1
181 260 1
149 54 1
139 55 1
65 306 1
366 201 1
87 398 1
343 60 1
89 125 1
371 91 1
96 344 1
68 239 1
291 137 1
234 311 1
328 247 1
170 32 1
392 198 1
226 142 1
41 190 1
100 243 1
227 198 1
171 261 1
291 232 1
180 402 1
43 35 1
353 171 1
169 205 1
380 33 1
20 259 1
7 281 1
320 328 1
85 314 1
72 401 1
182 226 1
228 225 1
322 163 1
378 317 1
301 188 1
392 125 1
192 310 1
134 153 1
116 344 1
77 83 1
202 196 1
100 240 1
204 213 1
151 165 1
327 192 1
315 226 1
295 268 1
372 17 1
265 388 1
392 49 1
130 39 1
299 352 1
321 361 1
232 36 1
144 344 1
181 40 1
127 225 1
113 36 1
229 25 1
242 270 1
303 187 1
217 53 1
91 258 1
14 123 1
317 374 1
199 388 1
384 89 1
338 196 1
211 239 1
250 321 1
112 301 1
200 42 1
387 242 1
111 217 1
374 218 1
139 70 1
331 193 1
105 108 1
338 337 1
236 307 1
64 161 1
305 196 1
206 399 1
327 22 1
239 298 1
286 268 1
41 162 1
304 145 1
189 149 1
184 398 1
269 124 1
49 401 1
252 373 1
319 344 1
160 241 1
111 268 1
170 386 1
75 243 1
159 380 1
79 265 1
391 324 1
337 28 1
179 167
40 167
79 26
108 188
127 57
67 180
104 134
43 81
11 83
47 190
55 100
165 102
132 67
60 28
108 165
115 188
153 79
150 27
125 130
19 92
118 160
191 187
132 188
154 102
181 3
134 67
107 198
199 18
153 78
125 116
3 181
148 47
79 50
70 107
140 147
38 76
24 47
166 80
16 177
30 200
81 14
31 186
2 179
147 95
183 133
76 181
189 134
16 53
183 80
189 12
169 193
167 77
110 140
109 48
144 70
70 143
168 69
57 99
156 140
142 3
166 187
134 54
143 46
61 113
176 74
67 32
193 173
47 25
98 62
109 44
24 46
36 132
146 169
67 62
121 3
137 116
170 174
172 186
28 147
86 86
186 131
108 62
164 116
72 197
120 144
34 141
113 2
85 87
165 100
117 38
41 139
81 44
168 18
100 86
188 135
157 39
120 107
173 26
139 90
200 132
201_100_20_0

301 100 20
401 100 20
501 100 20
601 100 20
701 100 20
801 100 20
901 100 20
1001 100 20
1101 100 20
1201 100 20
1301 100 20
1401 100 20
1501 100 20
1601 100 20
1701 100 20
1801 100 20
1901 100 20
2001 100 20
2101 100 20
2201 100 20
2301 100 20
2401 100 20
2501 100 20
2601 100 20
2701 100 20
2801 100 20
2901 100 20
3001 100 20
3101 100 20
3201 100 20
3301 100 20
3401 100 20
3501 100 20
3601 100 20
3701 100 20
3801 100 20
3901 100 20
4001 100 20
4101 100 20
4201 100 20
4301 100 20
4401 100 20
4501 100 20
4601 100 20
4701 100 20
4801 100 20
4901 100 20
5001 100 20
5101 100 20
5201 100 20
5301 100 20
5401 100 20
5501 100 20
5601 100 20
5701 100 20
5801 100 20
5901 100 20
6001 100 20
6101 100 20
6201 100 20
6301 100 20
6401 100 20
6501 100 20
6601 100 20
6701 100 20
6801 100 20
6901 100 20
7001 100 20
7101 100 20
7201 100 20
7301 100 20
7401 100 20
7501 100 20
7601 100 20
7701 100 20
7801 100 20
7901 100 20
8001 100 20
8101 100 20
8201 100 20
8301 100 20
8401 100 20
8501 100 20
8601 100 20
8701 100 20
8801 100 20
8901 100 20
9001 100 20
9101 100 20
9201 100 20
9301 100 20
9401 100 20
9501 100 20
9601 100 20
9701 100 20
9801 100 20
9901 100 20
