10 4 4
12 13 3
2 7 1
7 10 1
3 17 1
9 8 1
7 20 1
17 7 1
4 12 1
14 20 1
2 19 1
4 4
4 8
7 8
2 7

10 4 4
14 20 3
18 18 1
13 6 1
11 4 1
7 18 1
19 19 1
15 13 1
2 14 1
5 14 1
16 1 1
8 4
6 2
1 6
7 3

10 4 4
5 18 2
9 18 2
1 4 1
9 11 1
17 10 1
1 9 1
12 19 1
13 19 1
18 7 1
16 4 1
3 5
6 2
3 2
2 2

10 4 4
19 1 1
6 18 2
1 15 1
5 10 2
12 4 1
1 2 1
2 4 1
6 6 1
3 8 1
1 6 1
5 2
4 8
3 7
2 6

10 4 4
19 16 1
4 1 2
6 2 1
19 6 1
15 14 2
19 11 1
11 9 1
13 16 1
20 1 1
18 14 1
4 2
7 2
2 7
2 3

10 4 4
8 9 2
3 16 1
16 7 2
7 12 1
20 2 1
2 6 1
9 17 1
19 1 1
13 18 1
13 20 1
8 4
1 4
3 4
7 6

10 4 4
19 11 3
1 8 1
19 2 1
12 2 1
15 9 1
11 17 1
2 7 1
7 11 1
9 11 1
10 12 1
3 6
3 1
2 8
1 6

10 4 4
11 20 3
20 3 1
6 19 1
11 3 1
10 19 1
14 10 1
16 13 1
11 7 1
17 7 1
8 10 1
8 3
4 8
1 7
3 1

