2 10 7
3 3 3
3 4 6
30 7
12 24
25 29
20 20
7 12
20 9
7 16
4 21
25 14
15 7
100

7 1 2
6 2 7
17 15 1
14 9 1
5 18 1
6 3 1
8 13 1
5 18 1
5 6
6 3
98

8 7 4
5 22 4
9 13 1
23 18 4
10 10 3
24 4 1
2 5 1
2 24 1
22 3 2
20 7
15 9
1 1
5 15
19 15
4 20
8 1
97

3 6 5
5 4 5
6 8 2
3 9 3
12 5
5 16
14 9
9 13
7 3
13 15
96

5 10 3
4 12 1
4 2 1
15 6 1
4 11 2
15 1 3
22 23
1 16
6 22
3 29
26 3
23 5
30 9
6 11
7 27
9 28
95

4 7 3
11 4 2
9 9 2
9 11 2
9 9 2
12 12
9 21
4 15
13 15
10 3
15 13
4 17
94

4 3 1
2 8 1
3 12 1
1 9 1
4 2 1
8 7
2 8
2 9
93

4 9 1
4 9 1
1 2 1
4 7 1
5 9 1
21 2
3 11
1 12
22 9
8 24
14 19
26 10
7 1
27 27
92

9 2 2
7 7 2
3 8 1
14 13 2
4 14 2
8 2 1
14 4 2
19 3 2
19 18 2
21 18
10 11
15 7
10 7
5 6
17 16
5 13
90

5 2 3
6 15 2
11 9 1
8 12 1
3 13 1
10 1 1
4 1
3 4
89

4 2 5
3 7 1
11 6 1
1 5 2
11 9 1
5 5
5 2
88

6 3 5
7 1 2
7 18 3
17 7 1
11 15 1
15 12 1
3 12 1
6 9
9 5
8 3
87

9 5 6
3 14 6
8 7 1
26 15 1
9 21 1
20 20 1
6 6 2
18 23 1
2 27 1
14 15 1
4 3
9 8
5 1
13 5
9 1
86

8 3 2
20 1 1
4 17 2
16 20 1
2 16 1
6 13 1
13 19 1
6 15 1
8 5 1
3 3
6 9
3 7
85

4 9 3
6 12 3
8 3 2
9 7 2
4 9 2
20 16
12 23
4 26
6 16
18 20
15 15
4 10
20 14
10 6
84

10 9 5
21 8 1
28 22 3
30 19 3
18 12 1
17 3 1
2 15 4
4 18 1
12 2 2
11 19 2
1 19 2
25 23
13 22
20 23
10 22
20 9
19 4
7 4
23 25
23 27
83

9 4 7
15 14 3
12 20 1
26 2 2
3 7 1
2 3 1
19 8 1
19 27 1
23 3 1
1 20 1
2 4
12 6
8 6
7 1
82

5 6 6
8 14 3
15 8 2
13 11 1
8 9 2
8 9 6
13 12
8 5
12 16
14 11
3 3
5 6
81

4 8 6
6 7 4
10 4 6
3 8 4
2 1 2
7 9
22 14
8 24
5 3
12 22
4 5
12 17
7 19
80

9 10 5
11 12 5
11 7 5
25 16 3
20 2 1
10 23 1
26 5 4
1 13 2
16 5 4
22 15 2
11 4
22 4
28 10
29 25
11 9
2 2
2 11
4 25
21 2
20 25
79

10 1 7
8 6 2
22 9 2
9 4 2
10 17 1
14 4 1
21 20 2
24 1 1
16 18 2
22 14 2
17 13
8 15
5 5
12 10
5 11
15 6
77

5 3 1
12 4 1
6 11 1
2 2 1
12 6 1
3 5 1
1 5
9 7
5 9
76

5 10 1
15 1 1
14 8 1
13 10 1
6 15 1
1 7 1
15 5
14 7
10 6
1 7
18 29
20 21
14 8
11 21
15 3
22 22
75

2 6 6
1 3 3
2 2 2
13 6
13 7
5 5
16 1
12 9
17 16
74

9 7 7
15 23 5
12 15 7
21 10 3
20 7 1
1 27 1
8 10 1
7 6 1
3 22 1
24 22 1
1 15
15 18
1 6
8 13
6 7
5 9
11 3
73

2 8 7
6 1 1
6 4 4
23 4
22 18
14 6
6 5
22 8
3 16
12 16
21 13
72

6 1 1
10 5 1
21 28 1
9 11 1
6 25 1
1 10 1
26 8 1
19 26 1
23 20 1
20 16 1
21 28 1
27 10 1
7 6
14 3
3 11
11 12
9 12
70

9 9 2
8 18 1
16 22 1
3 26 1
25 20 1
24 12 2
19 27 1
1 25 1
10 6 1
14 12 2
14 15
13 8
8 22
8 13
5 3
15 24
3 3
9 16
14 15
69

6 4 4
8 16 3
10 10 4
17 8 2
5 3 1
10 3 1
10 8 1
4 1
9 4
10 11
10 11
68

10 4 2
2 4 1
23 3 1
22 12 2
18 23 1
23 7 1
30 13 1
8 7 2
30 13 1
7 2 1
1 21 1
11 12
4 10
12 1
4 7
67

6 9 4
2 3 1
8 2 1
13 18 1
5 17 2
4 3 3
2 13 1
13 1
17 2
25 4
2 19
11 2
1 26
5 16
15 5
20 11
66

8 3 2
19 9 2
23 15 1
10 7 1
4 10 1
2 4 1
11 20 1
13 14 1
11 6 1
8 6
1 9
8 8
65

5 5 7
7 11 4
6 10 6
7 13 3
13 5 1
4 6 1
3 12
6 11
1 4
14 7
5 10
64

3 5 4
2 5 1
6 7 2
6 3 4
3 5
13 8
1 9
7 14
3 1
63

4 10 7
12 8 3
6 7 5
7 6 7
9 6 3
16 26
29 13
15 21
6 9
7 18
16 8
7 25
24 9
26 23
23 22
62

9 3 3
6 22 1
9 8 1
26 20 1
15 21 1
13 7 1
4 10 1
11 24 1
25 23 1
27 20 1
4 7
5 6
7 3
61

8 7 4
23 18 2
13 12 3
9 5 1
16 14 4
11 5 2
2 22 2
6 21 1
21 1 3
19 4
12 10
16 13
13 14
12 15
15 8
11 19
60

9 8 5
4 1 1
1 7 3
24 4 3
20 19 5
13 21 4
4 20 4
9 9 1
6 3 2
1 7 1
16 4
22 7
13 2
16 17
16 16
15 1
12 13
6 9
59

6 8 4
8 3 2
12 18 4
14 9 3
16 7 4
11 15 1
12 3 3
7 14
15 18
20 13
17 13
7 5
1 23
23 16
20 8
58

10 4 7
29 6 2
9 5 2
3 2 1
12 17 1
13 10 1
16 17 1
15 17 1
5 25 1
21 17 1
21 25 1
8 9
11 9
9 5
6 8
57

3 10 4
2 9 1
4 2 1
7 2 3
26 22
11 6
1 17
28 8
23 28
16 4
1 20
16 21
10 8
22 13
56

10 3 7
2 10 4
5 4 4
5 4 4
28 26
29 14
19 26
18 13
6 26
2 1
22 21
20 25
16 2
20 5
54

9 8 4
23 9 3
26 23 3
21 17 4
4 11 4
10 15 1
17 21 1
20 6 2
9 22 1
21 22 4
24 23
10 22
6 20
15 18
14 14
5 20
7 2
20 9
53

6 3 2
9 12 1
16 6 2
8 17 2
5 3 2
8 12 1
9 10 1
9 6
9 1
5 8
52

7 2 7
2 7 4
4 1 1
5 1 2
4 11
20 3
8 21
8 6
18 20
13 5
3 17
50

10 10 1
8 26 1
22 15 1
13 30 1
11 13 1
6 11 1
17 25 1
28 5 1
8 28 1
6 7 1
7 5 1
11 12
16 23
14 23
10 12
11 30
7 17
2 7
28 18
19 24
8 26
49

9 8 1
13 19 1
6 17 1
10 21 1
8 4 1
18 7 1
21 12 1
27 23 1
19 22 1
2 19 1
14 12
24 7
21 3
13 9
10 5
11 11
16 24
8 20
48

8 6 6
12 22 4
22 16 2
12 24 3
4 23 5
14 1 1
23 13 1
24 16 1
21 6 1
15 3
10 11
11 1
16 7
3 1
5 12
47

5 1 7
6 9 4
13 10 1
11 13 1
4 1 2
11 4 1
2 15 3
15 1 4
7 25
5 12
19 11
14 5
14 1
25 10
1 26
16 9
20 26
45

3 6 2
3 9 2
1 3 1
9 3 2
3 12
15 14
7 4
10 9
8 9
8 5
44

8 6 4
21 9 3
12 18 2
19 11 1
16 4 4
10 19 2
4 2 2
7 12 3
4 10 1
8 3
6 10
3 2
7 16
12 14
10 8
43

7 9 7
6 7 5
6 14 6
4 19 6
21 14 7
13 18 1
15 13 1
21 18 1
5 14
10 15
8 3
22 14
6 3
5 7
20 16
2 6
27 5
42

9 4 4
17 8 4
9 14 1
10 15 1
6 11 1
20 16 1
7 1 1
13 12 1
24 3 1
20 10 1
6 8
4 2
7 9
5 8
41

4 4 2
4 9 1
4 12 1
12 1 2
5 4 1
12 10
11 2
5 11
7 5
40

4 8 4
5 6 4
10 9 4
8 2 3
6 11 4
22 14
6 17
22 8
3 14
23 11
21 9
7 19
9 20
39

2 6 7
1 4 4
2 1 1
9 3
9 12
4 2
15 13
3 9
7 16
38

1 6 3
3 3 1
6 10
11 7
10 5
4 16
1 18
15 5
37

5 4 5
12 1 3
6 4 3
14 10 4
7 10 1
15 4 1
10 4
8 2
9 12
3 6
36

8 2 1
4 8 6
12 5 5
5 8 5
10 11 1
1 1 3
20 2
8 12
11 9
5 20
16 24
9 11
8 10
5 17
34

3 4 4
9 4 3
8 8 3
6 9 4
3 12
7 12
11 3
3 12
33

2 7 2
1 2 1
1 3 2
5 16
10 15
11 11
18 15
9 11
21 3
5 16
32

9 6 5
1 23 5
22 18 2
18 10 1
2 20 2
16 19 3
3 17 2
17 5 1
15 13 1
12 4 1
9 18
7 10
8 13
2 5
16 5
11 9
31

10 3 5
10 3 1
1 10 4
2 3 4
29 2
18 30
8 17
10 9
30 19
18 2
5 4
1 3
24 8
26 11
28

2 5 1
6 1 1
3 1 1
4 11
5 8
1 3
10 14
1 1
27

3 7 4
4 1 1
9 2 3
1 6 3
21 15
13 5
15 13
18 19
7 13
15 14
9 8
26

3 10 6
5 2 6
5 4 2
1 7 2
16 25
25 27
27 24
27 4
4 8
30 15
23 14
28 28
8 5
16 22
25

9 5 4
13 14 2
5 11 1
17 9 4
1 8 2
9 4 2
6 22 1
19 16 1
16 21 1
9 25 1
9 3
7 6
15 14
5 12
10 15
24

4 7 2
2 7 2
3 9 1
10 4 1
12 8 2
1 11
5 16
1 2
2 6
16 8
15 3
1 15
23

9 8 5
21 8 5
16 14 2
15 26 3
12 14 2
6 13 3
9 4 5
27 18 2
14 6 1
9 2 1
5 24
13 8
24 21
11 5
1 11
18 17
16 14
6 15
22

10 4 4
22 7 2
17 13 1
2 3 1
26 17 2
7 24 1
11 30 1
23 4 1
17 24 1
5 14 1
5 30 1
3 10
10 1
7 11
5 1
21

7 10 1
10 15 1
19 16 1
6 15 1
13 12 1
15 9 1
21 9 1
13 16 1
21 6
24 30
4 13
8 10
1 17
2 18
29 9
22 23
6 25
1 9
20

1 10 5
1 3 5
20 13
1 5
14 10
18 11
1 2
7 26
13 6
12 19
25 26
22 26
19

2 1 7
3 6 2
3 6 1
1 3
18

4 8 4
1 11 1
1 4 1
8 1 3
8 2 2
21 21
9 7
22 19
6 24
2 17
16 10
10 4
4 12
17

10 7 2
23 18 2
14 26 1
8 21 1
8 23 1
12 21 1
24 12 2
19 26 2
3 11 2
15 15 1
4 3 2
15 13
16 16
13 12
2 12
1 9
20 13
5 2
16

9 2 3
8 9 2
9 20 1
3 15 1
23 5 2
4 17 1
13 24 1
18 15 1
8 7 1
10 21 1
14 4
7 9
22 5
1 17
24 26
20 24
11 14
14 17
11 7
14

8 3 1
5 1 1
19 15 1
18 11 1
15 17 1
3 21 1
20 5 1
21 12 1
15 14 1
7 5
6 9
8 8
13

1 10 2
1 1 2
28 18
23 4
16 27
6 4
17 28
15 5
7 24
6 1
4 26
4 22
12

8 9 2
21 17 2
24 15 2
17 14 2
5 17 1
2 4 2
22 8 2
12 6 1
2 16 2
26 24
14 12
21 1
3 20
2 15
19 25
3 27
26 21
10 9
11

4 8 7
3 4 5
11 2 5
8 3 5
5 10 2
23 10
2 17
17 7
18 16
17 17
9 16
15 23
24 9
10

2 3 2
1 4 2
2 6 1
1 6
2 4
5 3
9

4 1 2
3 1 5
6 2 1
4 3 1
4 5 1
1 2
7

6 2 5
14 16 1
12 18 1
9 8 1
5 18 1
8 7 1
13 7 1
6 6
6 5
6

8 8 7
19 24 4
20 18 7
1 12 4
5 22 3
15 19 3
5 7 1
3 22 1
7 23 1
21 7
5 19
21 13
7 4
20 10
17 15
21 20
6 23
5

3 1 6
2 1 1
1 4 1
5 4 1
1 1
4

10 9 7
16 23 7
5 30 7
7 1 1
4 4 6
25 5 1
28 20 1
29 4 1
12 16 1
19 21 1
3 27 1
11 2
26 21
5 8
6 17
3 21
21 6
27 1
10 24
12 17
3

7 10 5
10 17 3
20 15 1
19 1 4
15 13 1
21 9 5
17 5 2
17 16 3
6 4
6 25
5 11
9 27
9 4
30 2
4 23
2 16
30 25
19 18
2

1 4 5
3 1 4
9 12
3 1
1 2
12 8
1

