3 1 6
2 3 0
3 1 0
2 1 0
4 2
0

2 2 6
2 3 1
3 1 1
2 1
4 2
1

2 2 6
2 3 2
3 1 2
2 1
4 2
2

2 2 6
2 3 3
3 1 3
2 1
4 2
3

3 1 6
1 3 0
1 3 0
4 3 0
3 1
0

2 2 6
1 3 1
1 3 1
4 3
3 1
1

2 2 6
1 3 2
1 3 2
4 3
3 1
2

2 2 6
1 3 3
1 3 3
4 3
3 1
3

5 1 6
6 3 0
4 3 0
2 1 0
3 5 0
2 3 0
6 3
0

3 3 6
6 3 1
4 3 1
2 1 1
3 5
2 3
6 3
1

3 3 6
6 3 2
4 3 2
2 1 2
3 5
2 3
6 3
2

3 3 6
6 3 3
4 3 3
2 1 3
3 5
2 3
6 3
3

5 1 6
4 6 0
2 1 0
1 3 0
2 6 0
1 3 0
3 5
0

3 3 6
4 6 1
2 1 1
1 3 1
2 6
1 3
3 5
1

3 3 6
4 6 2
2 1 2
1 3 2
2 6
1 3
3 5
2

3 3 6
4 6 3
2 1 3
1 3 3
2 6
1 3
3 5
3

7 1 6
2 6 0
5 6 0
3 4 0
4 8 0
2 4 0
7 8 0
2 5 0
1 3
0

4 4 6
2 6 1
5 6 1
3 4 1
4 8 1
2 4
7 8
2 5
1 3
1

4 4 6
2 6 2
5 6 2
3 4 2
4 8 2
2 4
7 8
2 5
1 3
2

4 4 6
2 6 3
5 6 3
3 4 3
4 8 3
2 4
7 8
2 5
1 3
3

7 1 6
6 7 0
1 8 0
6 4 0
2 6 0
6 8 0
3 6 0
6 1 0
2 2
0

4 4 6
6 7 1
1 8 1
6 4 1
2 6 1
6 8
3 6
6 1
2 2
1

4 4 6
6 7 2
1 8 2
6 4 2
2 6 2
6 8
3 6
6 1
2 2
2

4 4 6
6 7 3
1 8 3
6 4 3
2 6 3
6 8
3 6
6 1
2 2
3

9 1 6
9 7 0
1 4 0
3 1 0
5 3 0
7 10 0
4 4 0
5 10 0
1 8 0
1 10 0
2 5
0

5 5 6
9 7 1
1 4 1
3 1 1
5 3 1
7 10 1
4 4
5 10
1 8
1 10
2 5
1

5 5 6
9 7 2
1 4 2
3 1 2
5 3 2
7 10 2
4 4
5 10
1 8
1 10
2 5
2

5 5 6
9 7 3
1 4 3
3 1 3
5 3 3
7 10 3
4 4
5 10
1 8
1 10
2 5
3

9 1 6
5 6 0
10 4 0
5 3 0
1 9 0
10 2 0
4 6 0
3 5 0
5 5 0
10 5 0
4 6
0

5 5 6
5 6 1
10 4 1
5 3 1
1 9 1
10 2 1
4 6
3 5
5 5
10 5
4 6
1

5 5 6
5 6 2
10 4 2
5 3 2
1 9 2
10 2 2
4 6
3 5
5 5
10 5
4 6
2

5 5 6
5 6 3
10 4 3
5 3 3
1 9 3
10 2 3
4 6
3 5
5 5
10 5
4 6
3

11 1 6
5 4 0
10 1 0
5 9 0
2 7 0
12 4 0
10 9 0
5 4 0
1 1 0
11 3 0
3 7 0
11 9 0
11 8
0

6 6 6
5 4 1
10 1 1
5 9 1
2 7 1
12 4 1
10 9 1
5 4
1 1
11 3
3 7
11 9
11 8
1

6 6 6
5 4 2
10 1 2
5 9 2
2 7 2
12 4 2
10 9 2
5 4
1 1
11 3
3 7
11 9
11 8
2

6 6 6
5 4 3
10 1 3
5 9 3
2 7 3
12 4 3
10 9 3
5 4
1 1
11 3
3 7
11 9
11 8
3

11 1 6
4 12 0
1 7 0
4 9 0
6 8 0
1 2 0
3 9 0
10 2 0
9 9 0
4 4 0
10 9 0
10 6 0
11 8
0

6 6 6
4 12 1
1 7 1
4 9 1
6 8 1
1 2 1
3 9 1
10 2
9 9
4 4
10 9
10 6
11 8
1

6 6 6
4 12 2
1 7 2
4 9 2
6 8 2
1 2 2
3 9 2
10 2
9 9
4 4
10 9
10 6
11 8
2

6 6 6
4 12 3
1 7 3
4 9 3
6 8 3
1 2 3
3 9 3
10 2
9 9
4 4
10 9
10 6
11 8
3

13 1 6
11 2 0
9 12 0
3 14 0
12 2 0
13 5 0
2 3 0
12 12 0
3 6 0
10 7 0
3 14 0
3 6 0
13 5 0
7 9 0
12 12
0

7 7 6
11 2 1
9 12 1
3 14 1
12 2 1
13 5 1
2 3 1
12 12 1
3 6
10 7
3 14
3 6
13 5
7 9
12 12
1

7 7 6
11 2 2
9 12 2
3 14 2
12 2 2
13 5 2
2 3 2
12 12 2
3 6
10 7
3 14
3 6
13 5
7 9
12 12
2

7 7 6
11 2 3
9 12 3
3 14 3
12 2 3
13 5 3
2 3 3
12 12 3
3 6
10 7
3 14
3 6
13 5
7 9
12 12
3

13 1 6
12 4 0
1 10 0
9 8 0
4 8 0
10 3 0
3 2 0
5 1 0
14 13 0
3 3 0
1 1 0
8 13 0
10 2 0
2 8 0
2 7
0

7 7 6
12 4 1
1 10 1
9 8 1
4 8 1
10 3 1
3 2 1
5 1 1
14 13
3 3
1 1
8 13
10 2
2 8
2 7
1

7 7 6
12 4 2
1 10 2
9 8 2
4 8 2
10 3 2
3 2 2
5 1 2
14 13
3 3
1 1
8 13
10 2
2 8
2 7
2

7 7 6
12 4 3
1 10 3
9 8 3
4 8 3
10 3 3
3 2 3
5 1 3
14 13
3 3
1 1
8 13
10 2
2 8
2 7
3

15 1 6
2 16 0
12 15 0
11 11 0
8 8 0
11 12 0
2 10 0
1 14 0
5 6 0
10 7 0
5 9 0
2 16 0
15 2 0
8 2 0
3 15 0
16 16 0
4 5
0

8 8 6
2 16 1
12 15 1
11 11 1
8 8 1
11 12 1
2 10 1
1 14 1
5 6 1
10 7
5 9
2 16
15 2
8 2
3 15
16 16
4 5
1

8 8 6
2 16 2
12 15 2
11 11 2
8 8 2
11 12 2
2 10 2
1 14 2
5 6 2
10 7
5 9
2 16
15 2
8 2
3 15
16 16
4 5
2

8 8 6
2 16 3
12 15 3
11 11 3
8 8 3
11 12 3
2 10 3
1 14 3
5 6 3
10 7
5 9
2 16
15 2
8 2
3 15
16 16
4 5
3

15 1 6
10 12 0
8 8 0
1 15 0
7 11 0
16 9 0
8 6 0
5 6 0
6 6 0
11 15 0
4 10 0
4 3 0
12 14 0
15 7 0
11 5 0
15 15 0
7 5
0

8 8 6
10 12 1
8 8 1
1 15 1
7 11 1
16 9 1
8 6 1
5 6 1
6 6 1
11 15
4 10
4 3
12 14
15 7
11 5
15 15
7 5
1

8 8 6
10 12 2
8 8 2
1 15 2
7 11 2
16 9 2
8 6 2
5 6 2
6 6 2
11 15
4 10
4 3
12 14
15 7
11 5
15 15
7 5
2

8 8 6
10 12 3
8 8 3
1 15 3
7 11 3
16 9 3
8 6 3
5 6 3
6 6 3
11 15
4 10
4 3
12 14
15 7
11 5
15 15
7 5
3

17 1 6
10 6 0
12 3 0
7 5 0
1 2 0
11 11 0
14 8 0
5 9 0
17 1 0
16 5 0
9 10 0
18 7 0
9 17 0
2 3 0
6 11 0
4 9 0
10 2 0
13 4 0
2 7
0

9 9 6
10 6 1
12 3 1
7 5 1
1 2 1
11 11 1
14 8 1
5 9 1
17 1 1
16 5 1
9 10
18 7
9 17
2 3
6 11
4 9
10 2
13 4
2 7
1

9 9 6
10 6 2
12 3 2
7 5 2
1 2 2
11 11 2
14 8 2
5 9 2
17 1 2
16 5 2
9 10
18 7
9 17
2 3
6 11
4 9
10 2
13 4
2 7
2

9 9 6
10 6 3
12 3 3
7 5 3
1 2 3
11 11 3
14 8 3
5 9 3
17 1 3
16 5 3
9 10
18 7
9 17
2 3
6 11
4 9
10 2
13 4
2 7
3

17 1 6
3 18 0
1 5 0
18 2 0
18 4 0
10 6 0
5 6 0
6 5 0
13 7 0
16 2 0
14 2 0
17 11 0
9 7 0
12 5 0
6 13 0
17 9 0
18 16 0
9 10 0
13 2
0

9 9 6
3 18 1
1 5 1
18 2 1
18 4 1
10 6 1
5 6 1
6 5 1
13 7 1
16 2 1
14 2
17 11
9 7
12 5
6 13
17 9
18 16
9 10
13 2
1

9 9 6
3 18 2
1 5 2
18 2 2
18 4 2
10 6 2
5 6 2
6 5 2
13 7 2
16 2 2
14 2
17 11
9 7
12 5
6 13
17 9
18 16
9 10
13 2
2

9 9 6
3 18 3
1 5 3
18 2 3
18 4 3
10 6 3
5 6 3
6 5 3
13 7 3
16 2 3
14 2
17 11
9 7
12 5
6 13
17 9
18 16
9 10
13 2
3

