3 15 5
2 6 5
2 3 1
5 1 4
15 30
14 12
3 22
1 8
18 12
14 1
27 12
4 7
29 6
11 23
21 25
16 21
22 14
15 14
11 8

3 15 5
1 1 2
2 5 3
1 2 4
23 9
25 11
5 1
19 3
13 20
9 26
15 26
27 24
22 28
19 4
18 25
24 1
18 7
18 20
28 20

3 15 5
3 4 4
1 6 3
3 1 5
30 30
6 14
3 29
26 22
28 19
20 12
25 23
18 6
26 10
2 6
19 7
20 27
4 30
5 1
1 13

3 15 5
2 4 2
6 6 3
4 5 4
26 24
20 27
30 10
21 14
28 15
12 2
26 14
26 24
3 22
22 7
3 4
13 24
9 3
11 26
23 26

3 15 5
3 6 1
4 1 5
1 3 4
5 29
7 13
1 19
28 30
7 22
25 12
30 29
2 9
21 18
12 24
7 2
15 23
1 30
20 15
19 8

3 15 5
4 4 5
2 4 4
6 1 5
8 19
30 11
26 3
8 5
21 27
25 12
17 9
13 3
16 6
26 10
12 16
18 28
27 26
2 14
11 8

3 15 5
3 4 3
1 6 1
6 6 1
27 30
29 10
28 20
28 3
24 15
22 10
28 15
26 4
10 29
18 25
6 19
14 28
8 11
3 19
4 8

3 15 5
5 6 5
1 4 2
2 1 4
22 1
16 22
5 10
1 20
26 21
1 2
12 22
12 18
26 22
6 3
3 7
7 15
10 20
5 9
3 28

