2 2 6
-1 -1 3
0 -1 3
1 -1
1 0
1

2 2 6
-1 -1 3
0 -1 3
1 -1
1 0
1

2 2 6
-1 -1 3
0 -1 3
1 -1
1 0
1

2 2 6
-1 -1 3
0 -1 3
1 -1
1 0
1

2 2 6
-1 -1 3
0 -1 3
1 -1
1 0
1

2 2 6
-1 -1 3
0 -1 3
1 -1
1 0
1

2 3 6
-1 -1 3
0 -1 3
1 -1
1 0
-200 -200
1

2 3 6
-1 -1 3
0 -1 3
1 -1
1 0
-200 -200
1

2 3 6
-1 -1 3
0 -1 3
1 -1
1 0
-200 -200
1

2 3 6
-1 -1 3
0 -1 3
1 -1
1 0
-200 -200
1

2 3 6
-1 -1 3
0 -1 3
1 -1
1 0
-200 -200
1

2 3 6
-1 -1 3
0 -1 3
1 -1
1 0
-200 -200
1

2 4 6
-1 -1 3
0 -1 3
1 -1
1 0
-200 -200
-199 -200
1

2 4 6
-1 -1 3
0 -1 3
1 -1
1 0
-200 -200
-199 -200
1

2 4 6
-1 -1 3
0 -1 3
1 -1
1 0
-200 -200
-199 -200
1

2 4 6
-1 -1 3
0 -1 3
1 -1
1 0
-200 -200
-199 -200
1

2 4 6
-1 -1 3
0 -1 3
1 -1
1 0
-200 -200
-199 -200
1

2 4 6
-1 -1 3
0 -1 3
1 -1
1 0
-200 -200
-199 -200
1

2 5 6
-1 -1 3
0 -1 3
1 -1
1 0
-200 -200
-199 -200
-198 -200
1

2 5 6
-1 -1 3
0 -1 3
1 -1
1 0
-200 -200
-199 -200
-198 -200
1

2 5 6
-1 -1 3
0 -1 3
1 -1
1 0
-200 -200
-199 -200
-198 -200
1

2 5 6
-1 -1 3
0 -1 3
1 -1
1 0
-200 -200
-199 -200
-198 -200
1

2 5 6
-1 -1 3
0 -1 3
1 -1
1 0
-200 -200
-199 -200
-198 -200
1

2 5 6
-1 -1 3
0 -1 3
1 -1
1 0
-200 -200
-199 -200
-198 -200
1

2 6 6
-1 -1 3
0 -1 3
1 -1
1 0
-200 -200
-199 -200
-198 -200
-197 -200
1

2 6 6
-1 -1 3
0 -1 3
1 -1
1 0
-200 -200
-199 -200
-198 -200
-197 -200
1

2 6 6
-1 -1 3
0 -1 3
1 -1
1 0
-200 -200
-199 -200
-198 -200
-197 -200
1

2 6 6
-1 -1 3
0 -1 3
1 -1
1 0
-200 -200
-199 -200
-198 -200
-197 -200
1

2 6 6
-1 -1 3
0 -1 3
1 -1
1 0
-200 -200
-199 -200
-198 -200
-197 -200
1

2 6 6
-1 -1 3
0 -1 3
1 -1
1 0
-200 -200
-199 -200
-198 -200
-197 -200
1

2 7 6
-1 -1 3
0 -1 3
1 -1
1 0
-200 -200
-199 -200
-198 -200
-197 -200
-196 -200
1

2 7 6
-1 -1 3
0 -1 3
1 -1
1 0
-200 -200
-199 -200
-198 -200
-197 -200
-196 -200
1

2 7 6
-1 -1 3
0 -1 3
1 -1
1 0
-200 -200
-199 -200
-198 -200
-197 -200
-196 -200
1

2 7 6
-1 -1 3
0 -1 3
1 -1
1 0
-200 -200
-199 -200
-198 -200
-197 -200
-196 -200
1

2 7 6
-1 -1 3
0 -1 3
1 -1
1 0
-200 -200
-199 -200
-198 -200
-197 -200
-196 -200
1

2 7 6
-1 -1 3
0 -1 3
1 -1
1 0
-200 -200
-199 -200
-198 -200
-197 -200
-196 -200
1

2 8 6
-1 -1 3
0 -1 3
1 -1
1 0
-200 -200
-199 -200
-198 -200
-197 -200
-196 -200
-195 -200
1

2 8 6
-1 -1 3
0 -1 3
1 -1
1 0
-200 -200
-199 -200
-198 -200
-197 -200
-196 -200
-195 -200
1

2 8 6
-1 -1 3
0 -1 3
1 -1
1 0
-200 -200
-199 -200
-198 -200
-197 -200
-196 -200
-195 -200
1

2 8 6
-1 -1 3
0 -1 3
1 -1
1 0
-200 -200
-199 -200
-198 -200
-197 -200
-196 -200
-195 -200
1

2 8 6
-1 -1 3
0 -1 3
1 -1
1 0
-200 -200
-199 -200
-198 -200
-197 -200
-196 -200
-195 -200
1

2 8 6
-1 -1 3
0 -1 3
1 -1
1 0
-200 -200
-199 -200
-198 -200
-197 -200
-196 -200
-195 -200
1

2 9 6
-1 -1 3
0 -1 3
1 -1
1 0
-200 -200
-199 -200
-198 -200
-197 -200
-196 -200
-195 -200
-194 -200
1

2 9 6
-1 -1 3
0 -1 3
1 -1
1 0
-200 -200
-199 -200
-198 -200
-197 -200
-196 -200
-195 -200
-194 -200
1

2 9 6
-1 -1 3
0 -1 3
1 -1
1 0
-200 -200
-199 -200
-198 -200
-197 -200
-196 -200
-195 -200
-194 -200
1

2 9 6
-1 -1 3
0 -1 3
1 -1
1 0
-200 -200
-199 -200
-198 -200
-197 -200
-196 -200
-195 -200
-194 -200
1

2 9 6
-1 -1 3
0 -1 3
1 -1
1 0
-200 -200
-199 -200
-198 -200
-197 -200
-196 -200
-195 -200
-194 -200
1

2 9 6
-1 -1 3
0 -1 3
1 -1
1 0
-200 -200
-199 -200
-198 -200
-197 -200
-196 -200
-195 -200
-194 -200
1

2 10 6
-1 -1 3
0 -1 3
1 -1
1 0
-200 -200
-199 -200
-198 -200
-197 -200
-196 -200
-195 -200
-194 -200
-193 -200
1

2 10 6
-1 -1 3
0 -1 3
1 -1
1 0
-200 -200
-199 -200
-198 -200
-197 -200
-196 -200
-195 -200
-194 -200
-193 -200
1

2 10 6
-1 -1 3
0 -1 3
1 -1
1 0
-200 -200
-199 -200
-198 -200
-197 -200
-196 -200
-195 -200
-194 -200
-193 -200
1

2 10 6
-1 -1 3
0 -1 3
1 -1
1 0
-200 -200
-199 -200
-198 -200
-197 -200
-196 -200
-195 -200
-194 -200
-193 -200
1

2 10 6
-1 -1 3
0 -1 3
1 -1
1 0
-200 -200
-199 -200
-198 -200
-197 -200
-196 -200
-195 -200
-194 -200
-193 -200
1

2 10 6
-1 -1 3
0 -1 3
1 -1
1 0
-200 -200
-199 -200
-198 -200
-197 -200
-196 -200
-195 -200
-194 -200
-193 -200
1

2 11 6
-1 -1 3
0 -1 3
1 -1
1 0
-200 -200
-199 -200
-198 -200
-197 -200
-196 -200
-195 -200
-194 -200
-193 -200
-192 -200
1

2 11 6
-1 -1 3
0 -1 3
1 -1
1 0
-200 -200
-199 -200
-198 -200
-197 -200
-196 -200
-195 -200
-194 -200
-193 -200
-192 -200
1

2 11 6
-1 -1 3
0 -1 3
1 -1
1 0
-200 -200
-199 -200
-198 -200
-197 -200
-196 -200
-195 -200
-194 -200
-193 -200
-192 -200
1

2 11 6
-1 -1 3
0 -1 3
1 -1
1 0
-200 -200
-199 -200
-198 -200
-197 -200
-196 -200
-195 -200
-194 -200
-193 -200
-192 -200
1

2 11 6
-1 -1 3
0 -1 3
1 -1
1 0
-200 -200
-199 -200
-198 -200
-197 -200
-196 -200
-195 -200
-194 -200
-193 -200
-192 -200
1

2 11 6
-1 -1 3
0 -1 3
1 -1
1 0
-200 -200
-199 -200
-198 -200
-197 -200
-196 -200
-195 -200
-194 -200
-193 -200
-192 -200
1

2 12 6
-1 -1 3
0 -1 3
1 -1
1 0
-200 -200
-199 -200
-198 -200
-197 -200
-196 -200
-195 -200
-194 -200
-193 -200
-192 -200
-191 -200
1

2 12 6
-1 -1 3
0 -1 3
1 -1
1 0
-200 -200
-199 -200
-198 -200
-197 -200
-196 -200
-195 -200
-194 -200
-193 -200
-192 -200
-191 -200
1

2 12 6
-1 -1 3
0 -1 3
1 -1
1 0
-200 -200
-199 -200
-198 -200
-197 -200
-196 -200
-195 -200
-194 -200
-193 -200
-192 -200
-191 -200
1

2 12 6
-1 -1 3
0 -1 3
1 -1
1 0
-200 -200
-199 -200
-198 -200
-197 -200
-196 -200
-195 -200
-194 -200
-193 -200
-192 -200
-191 -200
1

2 12 6
-1 -1 3
0 -1 3
1 -1
1 0
-200 -200
-199 -200
-198 -200
-197 -200
-196 -200
-195 -200
-194 -200
-193 -200
-192 -200
-191 -200
1

2 12 6
-1 -1 3
0 -1 3
1 -1
1 0
-200 -200
-199 -200
-198 -200
-197 -200
-196 -200
-195 -200
-194 -200
-193 -200
-192 -200
-191 -200
1

2 13 6
-1 -1 3
0 -1 3
1 -1
1 0
-200 -200
-199 -200
-198 -200
-197 -200
-196 -200
-195 -200
-194 -200
-193 -200
-192 -200
-191 -200
-190 -200
1

2 13 6
-1 -1 3
0 -1 3
1 -1
1 0
-200 -200
-199 -200
-198 -200
-197 -200
-196 -200
-195 -200
-194 -200
-193 -200
-192 -200
-191 -200
-190 -200
1

2 13 6
-1 -1 3
0 -1 3
1 -1
1 0
-200 -200
-199 -200
-198 -200
-197 -200
-196 -200
-195 -200
-194 -200
-193 -200
-192 -200
-191 -200
-190 -200
1

2 13 6
-1 -1 3
0 -1 3
1 -1
1 0
-200 -200
-199 -200
-198 -200
-197 -200
-196 -200
-195 -200
-194 -200
-193 -200
-192 -200
-191 -200
-190 -200
1

2 13 6
-1 -1 3
0 -1 3
1 -1
1 0
-200 -200
-199 -200
-198 -200
-197 -200
-196 -200
-195 -200
-194 -200
-193 -200
-192 -200
-191 -200
-190 -200
1

2 13 6
-1 -1 3
0 -1 3
1 -1
1 0
-200 -200
-199 -200
-198 -200
-197 -200
-196 -200
-195 -200
-194 -200
-193 -200
-192 -200
-191 -200
-190 -200
1

2 14 6
-1 -1 3
0 -1 3
1 -1
1 0
-200 -200
-199 -200
-198 -200
-197 -200
-196 -200
-195 -200
-194 -200
-193 -200
-192 -200
-191 -200
-190 -200
-189 -200
1

2 14 6
-1 -1 3
0 -1 3
1 -1
1 0
-200 -200
-199 -200
-198 -200
-197 -200
-196 -200
-195 -200
-194 -200
-193 -200
-192 -200
-191 -200
-190 -200
-189 -200
1

2 14 6
-1 -1 3
0 -1 3
1 -1
1 0
-200 -200
-199 -200
-198 -200
-197 -200
-196 -200
-195 -200
-194 -200
-193 -200
-192 -200
-191 -200
-190 -200
-189 -200
1

2 14 6
-1 -1 3
0 -1 3
1 -1
1 0
-200 -200
-199 -200
-198 -200
-197 -200
-196 -200
-195 -200
-194 -200
-193 -200
-192 -200
-191 -200
-190 -200
-189 -200
1

2 14 6
-1 -1 3
0 -1 3
1 -1
1 0
-200 -200
-199 -200
-198 -200
-197 -200
-196 -200
-195 -200
-194 -200
-193 -200
-192 -200
-191 -200
-190 -200
-189 -200
1

2 14 6
-1 -1 3
0 -1 3
1 -1
1 0
-200 -200
-199 -200
-198 -200
-197 -200
-196 -200
-195 -200
-194 -200
-193 -200
-192 -200
-191 -200
-190 -200
-189 -200
1

2 15 6
-1 -1 3
0 -1 3
1 -1
1 0
-200 -200
-199 -200
-198 -200
-197 -200
-196 -200
-195 -200
-194 -200
-193 -200
-192 -200
-191 -200
-190 -200
-189 -200
-188 -200
1

2 15 6
-1 -1 3
0 -1 3
1 -1
1 0
-200 -200
-199 -200
-198 -200
-197 -200
-196 -200
-195 -200
-194 -200
-193 -200
-192 -200
-191 -200
-190 -200
-189 -200
-188 -200
1

2 15 6
-1 -1 3
0 -1 3
1 -1
1 0
-200 -200
-199 -200
-198 -200
-197 -200
-196 -200
-195 -200
-194 -200
-193 -200
-192 -200
-191 -200
-190 -200
-189 -200
-188 -200
1

2 15 6
-1 -1 3
0 -1 3
1 -1
1 0
-200 -200
-199 -200
-198 -200
-197 -200
-196 -200
-195 -200
-194 -200
-193 -200
-192 -200
-191 -200
-190 -200
-189 -200
-188 -200
1

2 15 6
-1 -1 3
0 -1 3
1 -1
1 0
-200 -200
-199 -200
-198 -200
-197 -200
-196 -200
-195 -200
-194 -200
-193 -200
-192 -200
-191 -200
-190 -200
-189 -200
-188 -200
1

2 15 6
-1 -1 3
0 -1 3
1 -1
1 0
-200 -200
-199 -200
-198 -200
-197 -200
-196 -200
-195 -200
-194 -200
-193 -200
-192 -200
-191 -200
-190 -200
-189 -200
-188 -200
1

2 16 6
-1 -1 3
0 -1 3
1 -1
1 0
-200 -200
-199 -200
-198 -200
-197 -200
-196 -200
-195 -200
-194 -200
-193 -200
-192 -200
-191 -200
-190 -200
-189 -200
-188 -200
-187 -200
1

2 16 6
-1 -1 3
0 -1 3
1 -1
1 0
-200 -200
-199 -200
-198 -200
-197 -200
-196 -200
-195 -200
-194 -200
-193 -200
-192 -200
-191 -200
-190 -200
-189 -200
-188 -200
-187 -200
1

2 16 6
-1 -1 3
0 -1 3
1 -1
1 0
-200 -200
-199 -200
-198 -200
-197 -200
-196 -200
-195 -200
-194 -200
-193 -200
-192 -200
-191 -200
-190 -200
-189 -200
-188 -200
-187 -200
1

2 16 6
-1 -1 3
0 -1 3
1 -1
1 0
-200 -200
-199 -200
-198 -200
-197 -200
-196 -200
-195 -200
-194 -200
-193 -200
-192 -200
-191 -200
-190 -200
-189 -200
-188 -200
-187 -200
1

2 16 6
-1 -1 3
0 -1 3
1 -1
1 0
-200 -200
-199 -200
-198 -200
-197 -200
-196 -200
-195 -200
-194 -200
-193 -200
-192 -200
-191 -200
-190 -200
-189 -200
-188 -200
-187 -200
1

2 16 6
-1 -1 3
0 -1 3
1 -1
1 0
-200 -200
-199 -200
-198 -200
-197 -200
-196 -200
-195 -200
-194 -200
-193 -200
-192 -200
-191 -200
-190 -200
-189 -200
-188 -200
-187 -200
1

2 2 6
-1 -1 3
0 -1 3
1 -1
1 0
0

2 2 6
-1 -1 3
0 -1 3
1 -1
1 0
0

2 2 6
-1 -1 3
0 -1 3
1 -1
1 0
0

2 2 6
-1 -1 3
0 -1 3
1 -1
1 0
0

2 2 6
-1 -1 3
0 -1 3
1 -1
1 0
0

2 2 6
-1 -1 3
0 -1 3
1 -1
1 0
0

2 3 6
-1 -1 3
0 -1 3
1 -1
1 0
1 1
0

2 3 6
-1 -1 3
0 -1 3
1 -1
1 0
1 1
0

2 3 6
-1 -1 3
0 -1 3
1 -1
1 0
1 1
0

2 3 6
-1 -1 3
0 -1 3
1 -1
1 0
1 1
0

2 3 6
-1 -1 3
0 -1 3
1 -1
1 0
1 1
0

2 3 6
-1 -1 3
0 -1 3
1 -1
1 0
1 1
0

2 4 6
-1 -1 3
0 -1 3
1 -1
1 0
1 1
0 1
0

2 4 6
-1 -1 3
0 -1 3
1 -1
1 0
1 1
0 1
0

2 4 6
-1 -1 3
0 -1 3
1 -1
1 0
1 1
0 1
0

2 4 6
-1 -1 3
0 -1 3
1 -1
1 0
1 1
0 1
0

2 4 6
-1 -1 3
0 -1 3
1 -1
1 0
1 1
0 1
0

2 4 6
-1 -1 3
0 -1 3
1 -1
1 0
1 1
0 1
0

2 5 6
-1 -1 3
0 -1 3
1 -1
1 0
1 1
0 1
-1 1
0

2 5 6
-1 -1 3
0 -1 3
1 -1
1 0
1 1
0 1
-1 1
0

2 5 6
-1 -1 3
0 -1 3
1 -1
1 0
1 1
0 1
-1 1
0

2 5 6
-1 -1 3
0 -1 3
1 -1
1 0
1 1
0 1
-1 1
0

2 5 6
-1 -1 3
0 -1 3
1 -1
1 0
1 1
0 1
-1 1
0

2 5 6
-1 -1 3
0 -1 3
1 -1
1 0
1 1
0 1
-1 1
0

2 6 6
-1 -1 3
0 -1 3
1 -1
1 0
1 1
0 1
-1 1
-1 0
0

2 6 6
-1 -1 3
0 -1 3
1 -1
1 0
1 1
0 1
-1 1
-1 0
0

2 6 6
-1 -1 3
0 -1 3
1 -1
1 0
1 1
0 1
-1 1
-1 0
0

2 6 6
-1 -1 3
0 -1 3
1 -1
1 0
1 1
0 1
-1 1
-1 0
0

2 6 6
-1 -1 3
0 -1 3
1 -1
1 0
1 1
0 1
-1 1
-1 0
0

2 6 6
-1 -1 3
0 -1 3
1 -1
1 0
1 1
0 1
-1 1
-1 0
0

2 7 6
-2 -2 3
-1 -2 3
0 -2
1 -2
2 -2
2 -1
2 0
2 1
2 2
0

2 7 6
-2 -2 3
-1 -2 3
0 -2
1 -2
2 -2
2 -1
2 0
2 1
2 2
0

2 7 6
-2 -2 3
-1 -2 3
0 -2
1 -2
2 -2
2 -1
2 0
2 1
2 2
0

2 7 6
-2 -2 3
-1 -2 3
0 -2
1 -2
2 -2
2 -1
2 0
2 1
2 2
0

2 7 6
-2 -2 3
-1 -2 3
0 -2
1 -2
2 -2
2 -1
2 0
2 1
2 2
0

2 7 6
-2 -2 3
-1 -2 3
0 -2
1 -2
2 -2
2 -1
2 0
2 1
2 2
0

2 8 6
-2 -2 3
-1 -2 3
0 -2
1 -2
2 -2
2 -1
2 0
2 1
2 2
1 2
0

2 8 6
-2 -2 3
-1 -2 3
0 -2
1 -2
2 -2
2 -1
2 0
2 1
2 2
1 2
0

2 8 6
-2 -2 3
-1 -2 3
0 -2
1 -2
2 -2
2 -1
2 0
2 1
2 2
1 2
0

2 8 6
-2 -2 3
-1 -2 3
0 -2
1 -2
2 -2
2 -1
2 0
2 1
2 2
1 2
0

2 8 6
-2 -2 3
-1 -2 3
0 -2
1 -2
2 -2
2 -1
2 0
2 1
2 2
1 2
0

2 8 6
-2 -2 3
-1 -2 3
0 -2
1 -2
2 -2
2 -1
2 0
2 1
2 2
1 2
0

2 9 6
-2 -2 3
-1 -2 3
0 -2
1 -2
2 -2
2 -1
2 0
2 1
2 2
1 2
0 2
0

2 9 6
-2 -2 3
-1 -2 3
0 -2
1 -2
2 -2
2 -1
2 0
2 1
2 2
1 2
0 2
0

2 9 6
-2 -2 3
-1 -2 3
0 -2
1 -2
2 -2
2 -1
2 0
2 1
2 2
1 2
0 2
0

2 9 6
-2 -2 3
-1 -2 3
0 -2
1 -2
2 -2
2 -1
2 0
2 1
2 2
1 2
0 2
0

2 9 6
-2 -2 3
-1 -2 3
0 -2
1 -2
2 -2
2 -1
2 0
2 1
2 2
1 2
0 2
0

2 9 6
-2 -2 3
-1 -2 3
0 -2
1 -2
2 -2
2 -1
2 0
2 1
2 2
1 2
0 2
0

2 10 6
-2 -2 3
-1 -2 3
0 -2
1 -2
2 -2
2 -1
2 0
2 1
2 2
1 2
0 2
-1 2
0

2 10 6
-2 -2 3
-1 -2 3
0 -2
1 -2
2 -2
2 -1
2 0
2 1
2 2
1 2
0 2
-1 2
0

2 10 6
-2 -2 3
-1 -2 3
0 -2
1 -2
2 -2
2 -1
2 0
2 1
2 2
1 2
0 2
-1 2
0

2 10 6
-2 -2 3
-1 -2 3
0 -2
1 -2
2 -2
2 -1
2 0
2 1
2 2
1 2
0 2
-1 2
0

2 10 6
-2 -2 3
-1 -2 3
0 -2
1 -2
2 -2
2 -1
2 0
2 1
2 2
1 2
0 2
-1 2
0

2 10 6
-2 -2 3
-1 -2 3
0 -2
1 -2
2 -2
2 -1
2 0
2 1
2 2
1 2
0 2
-1 2
0

2 11 6
-2 -2 3
-1 -2 3
0 -2
1 -2
2 -2
2 -1
2 0
2 1
2 2
1 2
0 2
-1 2
-2 2
0

2 11 6
-2 -2 3
-1 -2 3
0 -2
1 -2
2 -2
2 -1
2 0
2 1
2 2
1 2
0 2
-1 2
-2 2
0

2 11 6
-2 -2 3
-1 -2 3
0 -2
1 -2
2 -2
2 -1
2 0
2 1
2 2
1 2
0 2
-1 2
-2 2
0

2 11 6
-2 -2 3
-1 -2 3
0 -2
1 -2
2 -2
2 -1
2 0
2 1
2 2
1 2
0 2
-1 2
-2 2
0

2 11 6
-2 -2 3
-1 -2 3
0 -2
1 -2
2 -2
2 -1
2 0
2 1
2 2
1 2
0 2
-1 2
-2 2
0

2 11 6
-2 -2 3
-1 -2 3
0 -2
1 -2
2 -2
2 -1
2 0
2 1
2 2
1 2
0 2
-1 2
-2 2
0

2 12 6
-2 -2 3
-1 -2 3
0 -2
1 -2
2 -2
2 -1
2 0
2 1
2 2
1 2
0 2
-1 2
-2 2
-2 1
0

2 12 6
-2 -2 3
-1 -2 3
0 -2
1 -2
2 -2
2 -1
2 0
2 1
2 2
1 2
0 2
-1 2
-2 2
-2 1
0

2 12 6
-2 -2 3
-1 -2 3
0 -2
1 -2
2 -2
2 -1
2 0
2 1
2 2
1 2
0 2
-1 2
-2 2
-2 1
0

2 12 6
-2 -2 3
-1 -2 3
0 -2
1 -2
2 -2
2 -1
2 0
2 1
2 2
1 2
0 2
-1 2
-2 2
-2 1
0

2 12 6
-2 -2 3
-1 -2 3
0 -2
1 -2
2 -2
2 -1
2 0
2 1
2 2
1 2
0 2
-1 2
-2 2
-2 1
0

2 12 6
-2 -2 3
-1 -2 3
0 -2
1 -2
2 -2
2 -1
2 0
2 1
2 2
1 2
0 2
-1 2
-2 2
-2 1
0

2 13 6
-2 -2 3
-1 -2 3
0 -2
1 -2
2 -2
2 -1
2 0
2 1
2 2
1 2
0 2
-1 2
-2 2
-2 1
-2 0
0

2 13 6
-2 -2 3
-1 -2 3
0 -2
1 -2
2 -2
2 -1
2 0
2 1
2 2
1 2
0 2
-1 2
-2 2
-2 1
-2 0
0

2 13 6
-2 -2 3
-1 -2 3
0 -2
1 -2
2 -2
2 -1
2 0
2 1
2 2
1 2
0 2
-1 2
-2 2
-2 1
-2 0
0

2 13 6
-2 -2 3
-1 -2 3
0 -2
1 -2
2 -2
2 -1
2 0
2 1
2 2
1 2
0 2
-1 2
-2 2
-2 1
-2 0
0

2 13 6
-2 -2 3
-1 -2 3
0 -2
1 -2
2 -2
2 -1
2 0
2 1
2 2
1 2
0 2
-1 2
-2 2
-2 1
-2 0
0

2 13 6
-2 -2 3
-1 -2 3
0 -2
1 -2
2 -2
2 -1
2 0
2 1
2 2
1 2
0 2
-1 2
-2 2
-2 1
-2 0
0

2 14 6
-2 -2 3
-1 -2 3
0 -2
1 -2
2 -2
2 -1
2 0
2 1
2 2
1 2
0 2
-1 2
-2 2
-2 1
-2 0
-2 -1
0

2 14 6
-2 -2 3
-1 -2 3
0 -2
1 -2
2 -2
2 -1
2 0
2 1
2 2
1 2
0 2
-1 2
-2 2
-2 1
-2 0
-2 -1
0

2 14 6
-2 -2 3
-1 -2 3
0 -2
1 -2
2 -2
2 -1
2 0
2 1
2 2
1 2
0 2
-1 2
-2 2
-2 1
-2 0
-2 -1
0

2 14 6
-2 -2 3
-1 -2 3
0 -2
1 -2
2 -2
2 -1
2 0
2 1
2 2
1 2
0 2
-1 2
-2 2
-2 1
-2 0
-2 -1
0

2 14 6
-2 -2 3
-1 -2 3
0 -2
1 -2
2 -2
2 -1
2 0
2 1
2 2
1 2
0 2
-1 2
-2 2
-2 1
-2 0
-2 -1
0

2 14 6
-2 -2 3
-1 -2 3
0 -2
1 -2
2 -2
2 -1
2 0
2 1
2 2
1 2
0 2
-1 2
-2 2
-2 1
-2 0
-2 -1
0

2 15 6
-2 -2 3
-1 -2 3
0 -2
1 -2
2 -2
2 -1
2 0
2 1
2 2
1 2
0 2
-1 2
-2 2
-2 1
-2 0
-2 -1
-1 -1
0

2 15 6
-2 -2 3
-1 -2 3
0 -2
1 -2
2 -2
2 -1
2 0
2 1
2 2
1 2
0 2
-1 2
-2 2
-2 1
-2 0
-2 -1
-1 -1
0

2 15 6
-2 -2 3
-1 -2 3
0 -2
1 -2
2 -2
2 -1
2 0
2 1
2 2
1 2
0 2
-1 2
-2 2
-2 1
-2 0
-2 -1
-1 -1
0

2 15 6
-2 -2 3
-1 -2 3
0 -2
1 -2
2 -2
2 -1
2 0
2 1
2 2
1 2
0 2
-1 2
-2 2
-2 1
-2 0
-2 -1
-1 -1
0

2 15 6
-2 -2 3
-1 -2 3
0 -2
1 -2
2 -2
2 -1
2 0
2 1
2 2
1 2
0 2
-1 2
-2 2
-2 1
-2 0
-2 -1
-1 -1
0

2 15 6
-2 -2 3
-1 -2 3
0 -2
1 -2
2 -2
2 -1
2 0
2 1
2 2
1 2
0 2
-1 2
-2 2
-2 1
-2 0
-2 -1
-1 -1
0

2 16 6
-2 -2 3
-1 -2 3
0 -2
1 -2
2 -2
2 -1
2 0
2 1
2 2
1 2
0 2
-1 2
-2 2
-2 1
-2 0
-2 -1
-1 -1
0 -1
0

2 16 6
-2 -2 3
-1 -2 3
0 -2
1 -2
2 -2
2 -1
2 0
2 1
2 2
1 2
0 2
-1 2
-2 2
-2 1
-2 0
-2 -1
-1 -1
0 -1
0

2 16 6
-2 -2 3
-1 -2 3
0 -2
1 -2
2 -2
2 -1
2 0
2 1
2 2
1 2
0 2
-1 2
-2 2
-2 1
-2 0
-2 -1
-1 -1
0 -1
0

2 16 6
-2 -2 3
-1 -2 3
0 -2
1 -2
2 -2
2 -1
2 0
2 1
2 2
1 2
0 2
-1 2
-2 2
-2 1
-2 0
-2 -1
-1 -1
0 -1
0

2 16 6
-2 -2 3
-1 -2 3
0 -2
1 -2
2 -2
2 -1
2 0
2 1
2 2
1 2
0 2
-1 2
-2 2
-2 1
-2 0
-2 -1
-1 -1
0 -1
0

2 16 6
-2 -2 3
-1 -2 3
0 -2
1 -2
2 -2
2 -1
2 0
2 1
2 2
1 2
0 2
-1 2
-2 2
-2 1
-2 0
-2 -1
-1 -1
0 -1
0

